79034444401
79034432291
79185774432
79173332214
79879683593
79034444401
79034432291
79185774432
79173332214
79879683593
79034444401
79034432291
79185774432
79173332214
79879683593
79034444401
79034432291
79185774432
79173332214
79879683593
79034444401
79034432291
79185774432
79173332214
79879683593
79034444401
79034432291
79185774432
79173332214
79879683593
79034444401
79034432291
79185774432
79173332214
79879683593
79034444401
79034432291
79185774432
79173332214
79879683593
79034444401
79034432291
79185774432
79173332214
79879683593
79034444401
79034432291
79185774432
79173332214
79879683593
79034444401
79034432291
79185774432
79173332214
79879683593
79034444401
79034432291
79185774432
79173332214
79879683593
79034444401
79034432291
79185774432
79173332214
79879683593
79034444401
79034432291
79185774432
79173332214
79879683593
79034444401
79034432291
79185774432
79173332214
79879683593
79034444401
79034432291
79185774432
79173332214
79879683593
79034444401
79034432291
79185774432
79173332214
79879683593
79034444401
79034432291
79185774432
79173332214
79879683593
79034444401
79034432291
79185774432
79173332214
79879683593
79034444401
79034432291
79185774432
79173332214
79879683593
